18
113.50080459770116 -126.43655172413793
107.76080459770117 -117.81655172413794
104.17080459770116 -108.47655172413793
100.57080459770117 -99.13655172413793
93.39080459770116 -91.23655172413794
96.26080459770117 -101.29655172413794
98.42080459770116 -113.50655172413794
98.42080459770116 -124.28655172413794
99.14080459770116 -134.33655172413793
100.57080459770117 -145.83655172413793
102.73080459770117 -158.04655172413794
102.01080459770117 -168.10655172413794
102.01080459770117 -180.31655172413792
104.17080459770116 -192.52655172413793
107.76080459770117 -202.58655172413793
110.63080459770116 -191.80655172413793
114.94080459770116 -181.03655172413795
118.53080459770116 -170.25655172413792
121.41080459770116 -159.48655172413794
122.84080459770117 -147.98655172413794
129.31080459770118 -155.88655172413792
137.93080459770115 -163.07655172413794
148.71080459770116 -166.66655172413795
159.48080459770117 -170.25655172413792
169.54080459770117 -171.69655172413792
179.60080459770114 -171.69655172413792
191.81080459770118 -170.97655172413795
201.87080459770118 -170.25655172413792
212.64080459770116 -168.10655172413794
222.70080459770116 -164.50655172413792
232.04080459770117 -160.19655172413792
240.66080459770117 -154.45655172413794
248.56080459770115 -147.98655172413794
256.46080459770116 -141.52655172413793
262.21080459770116 -130.74655172413793
265.80080459770113 -120.68655172413793
259.34080459770115 -112.78655172413794
252.15080459770115 -104.16655172413793
244.25080459770118 -96.98655172413794
235.63080459770117 -91.23655172413794
224.86080459770116 -86.20655172413794
214.08080459770116 -83.33655172413793
201.87080459770118 -81.89655172413794
188.22080459770115 -82.61655172413793
173.85080459770114 -85.48655172413794
163.79080459770117 -89.79655172413794
151.58080459770116 -96.98655172413794
140.80080459770116 -103.44655172413793
130.75080459770118 -111.34655172413794
122.13080459770116 -121.40655172413793
119.25080459770116 -131.46655172413793
STOP
425.0 -71.0
433.0 -78.0
440.0 -86.0
450.0 -95.0
460.0 -103.0
469.0 -110.0
479.0 -117.0
487.0 -125.0
496.0 -132.0
506.0 -137.0
516.0 -144.0
523.0 -152.0
528.0 -161.0
535.0 -171.0
538.0 -183.0
543.0 -193.0
543.0 -205.0
543.0 -218.0
543.0 -230.0
540.0 -240.0
535.0 -249.0
531.0 -259.0
526.0 -269.0
521.0 -279.0
513.0 -286.0
504.0 -293.0
494.0 -303.0
504.0 -306.0
513.0 -311.0
523.0 -315.0
533.0 -323.0
543.0 -325.0
553.0 -330.0
562.0 -337.0
572.0 -340.0
584.0 -342.0
594.0 -347.0
599.0 -337.0
604.0 -328.0
609.0 -318.0
614.0 -308.0
616.0 -298.0
621.0 -289.0
623.0 -279.0
628.0 -267.0
633.0 -257.0
636.0 -247.0
641.0 -235.0
645.0 -225.0
648.0 -213.0
648.0 -200.0
648.0 -188.0
648.0 -176.0
648.0 -164.0
648.0 -68.0
513.0 -68.0
STOP
306.0 -391.0
311.0 -403.0
318.0 -411.0
320.0 -421.0
325.0 -430.0
330.0 -440.0
335.0 -450.0
335.0 -462.0
333.0 -472.0
325.0 -479.0
320.0 -489.0
311.0 -494.0
301.0 -499.0
291.0 -501.0
281.0 -504.0
267.0 -504.0
257.0 -506.0
242.0 -509.0
195.0 -511.0
137.0 -472.0
98.0 -472.0
59.0 -476.0
37.0 -475.0
42.0 -604.0
54.0 -604.0
66.0 -604.0
78.0 -604.0
88.0 -597.0
98.0 -592.0
105.0 -582.0
115.0 -575.0
122.0 -567.0
132.0 -560.0
144.0 -560.0
154.0 -562.0
164.0 -565.0
174.0 -570.0
183.0 -579.0
191.0 -587.0
200.0 -594.0
210.0 -599.0
222.0 -604.0
232.0 -601.0
244.0 -601.0
254.0 -599.0
264.0 -597.0
274.0 -594.0
284.0 -592.0
296.0 -592.0
306.0 -589.0
318.0 -589.0
328.0 -587.0
337.0 -582.0
347.0 -579.0
357.0 -575.0
367.0 -572.0
377.0 -567.0
386.0 -562.0
394.0 -555.0
403.0 -548.0
413.0 -540.0
423.0 -535.0
430.0 -526.0
452.0 -496.0
362.0 -433.0
STOP
643.0 -731.0
770.0 -748.0
778.0 -741.0
787.0 -736.0
797.0 -726.0
807.0 -721.0
817.0 -711.0
829.0 -702.0
839.0 -692.0
846.0 -682.0
858.0 -670.0
866.0 -660.0
873.0 -650.0
883.0 -638.0
890.0 -628.0
900.0 -616.0
910.0 -601.0
917.0 -589.0
922.0 -579.0
929.0 -567.0
934.0 -557.0
941.0 -545.0
949.0 -533.0
958.0 -521.0
966.0 -511.0
973.0 -499.0
980.0 -482.0
988.0 -465.0
990.0 -455.0
1010.0 -280.0
872.0 -280.0
STOP
449.0 -757.0
442.0 -765.0
434.0 -772.0
426.0 -780.0
418.0 -788.0
407.0 -794.0
397.0 -800.0
385.0 -807.0
372.0 -809.0
358.0 -809.0
346.0 -809.0
335.0 -807.0
325.0 -802.0
315.0 -800.0
305.0 -794.0
296.0 -786.0
288.0 -778.0
280.0 -770.0
272.0 -761.0
263.0 -755.0
251.0 -753.0
239.0 -753.0
228.0 -753.0
218.0 -757.0
208.0 -761.0
202.0 -770.0
193.0 -778.0
187.0 -788.0
181.0 -798.0
175.0 -809.0
167.0 -817.0
160.0 -825.0
152.0 -833.0
144.0 -842.0
134.0 -844.0
126.0 -837.0
115.0 -829.0
109.0 -819.0
105.0 -807.0
97.0 -794.0
58.0 -765.0
58.0 -1126.0
68.0 -1128.0
78.0 -1130.0
88.0 -1128.0
99.0 -1128.0
109.0 -1123.0
123.0 -1113.0
130.0 -1105.0
142.0 -1095.0
148.0 -1086.0
158.0 -1080.0
169.0 -1080.0
179.0 -1084.0
189.0 -1091.0
195.0 -1101.0
204.0 -1109.0
214.0 -1119.0
222.0 -1128.0
235.0 -1132.0
245.0 -1136.0
257.0 -1136.0
267.0 -1132.0
282.0 -1123.0
296.0 -1115.0
309.0 -1111.0
319.0 -1107.0
331.0 -1097.0
337.0 -1086.0
346.0 -1074.0
356.0 -1070.0
370.0 -1068.0
383.0 -1072.0
395.0 -1078.0
405.0 -1082.0
418.0 -1091.0
430.0 -1095.0
440.0 -1101.0
451.0 -1105.0
465.0 -1107.0
479.0 -1105.0
490.0 -1105.0
500.0 -1099.0
508.0 -1091.0
516.0 -1082.0
525.0 -1074.0
533.0 -1062.0
537.0 -1049.0
537.0 -1037.0
545.0 -1027.0
558.0 -1023.0
570.0 -1023.0
582.0 -1023.0
595.0 -1023.0
607.0 -1023.0
619.0 -1025.0
632.0 -1029.0
642.0 -1031.0
654.0 -1029.0
663.0 -1023.0
671.0 -1016.0
679.0 -1006.0
687.0 -998.0
695.0 -988.0
702.0 -979.0
708.0 -969.0
712.0 -959.0
718.0 -949.0
722.0 -938.0
726.0 -928.0
733.0 -909.0
735.0 -899.0
737.0 -887.0
739.0 -877.0
750.0 -815.0
611.0 -792.0
STOP
1519.0 -154.0
1530.0 -157.0
1538.0 -165.0
1549.0 -170.0
1557.0 -178.0
1562.0 -189.0
1568.0 -200.0
1570.0 -211.0
1570.0 -224.0
1570.0 -235.0
1568.0 -246.0
1568.0 -259.0
1565.0 -270.0
1565.0 -281.0
1562.0 -292.0
1559.0 -303.0
1557.0 -314.0
1554.0 -327.0
1551.0 -338.0
1546.0 -349.0
1538.0 -359.0
1532.0 -370.0
1524.0 -381.0
1516.0 -392.0
1508.0 -400.0
1495.0 -408.0
1481.0 -416.0
1470.0 -424.0
1457.0 -430.0
1446.0 -430.0
1435.0 -435.0
1441.0 -446.0
1446.0 -457.0
1449.0 -468.0
1451.0 -478.0
1454.0 -489.0
1459.0 -500.0
1459.0 -511.0
1465.0 -522.0
1468.0 -532.0
1470.0 -543.0
1473.0 -554.0
1473.0 -565.0
1476.0 -576.0
1476.0 -589.0
1476.0 -600.0
1473.0 -611.0
1470.0 -622.0
1468.0 -632.0
1465.0 -643.0
1459.0 -654.0
1454.0 -665.0
1449.0 -676.0
1443.0 -689.0
1438.0 -700.0
1430.0 -711.0
1424.0 -722.0
1416.0 -730.0
1408.0 -738.0
1400.0 -749.0
1389.0 -757.0
1378.0 -765.0
1368.0 -773.0
1359.0 -778.0
1351.0 -786.0
1341.0 -792.0
1332.0 -797.0
1322.0 -803.0
1311.0 -805.0
1300.0 -808.0
1289.0 -814.0
1278.0 -816.0
1268.0 -822.0
1257.0 -824.0
1246.0 -827.0
1232.0 -830.0
1222.0 -835.0
1208.0 -838.0
1195.0 -838.0
1178.0 -838.0
1168.0 -841.0
1138.0 -870.0
1349.0 -930.0
1357.0 -922.0
1365.0 -914.0
1376.0 -903.0
1384.0 -892.0
1392.0 -881.0
1403.0 -868.0
1411.0 -857.0
1419.0 -843.0
1427.0 -830.0
1438.0 -816.0
1449.0 -800.0
1457.0 -792.0
1468.0 -781.0
1478.0 -768.0
1489.0 -751.0
1497.0 -741.0
1503.0 -732.0
1508.0 -719.0
1516.0 -708.0
1524.0 -692.0
1535.0 -678.0
1541.0 -665.0
1549.0 -651.0
1559.0 -635.0
1565.0 -624.0
1573.0 -614.0
1578.0 -603.0
1584.0 -592.0
1592.0 -576.0
1597.0 -559.0
1605.0 -541.0
1608.0 -530.0
1614.0 -519.0
1616.0 -500.0
1619.0 -489.0
1622.0 -478.0
1630.0 -459.0
1632.0 -449.0
1635.0 -438.0
1641.0 -424.0
1643.0 -408.0
1646.0 -397.0
1646.0 -386.0
1646.0 -373.0
1649.0 -362.0
1649.0 -351.0
1651.0 -341.0
1654.0 -330.0
1654.0 -319.0
1657.0 -308.0
1662.0 -292.0
1665.0 -281.0
1668.0 -265.0
1670.0 -249.0
1670.0 -238.0
1668.0 -222.0
1668.0 -211.0
1684.0 -78.0
1357.0 -73.0
STOP
970.0 -1084.0
946.0 -1051.0
922.0 -1103.0
876.0 -1046.0
862.0 -1127.0
835.0 -1003.0
816.0 -1181.0
776.0 -989.0
754.0 -1235.0
654.0 -1057.0
630.0 -1378.0
95.0 -1365.0
276.0 -1476.0
92.0 -1681.0
103.0 -1681.0
116.0 -1678.0
127.0 -1678.0
138.0 -1678.0
149.0 -1678.0
162.0 -1678.0
176.0 -1678.0
192.0 -1676.0
205.0 -1673.0
219.0 -1673.0
230.0 -1670.0
241.0 -1670.0
254.0 -1668.0
270.0 -1668.0
286.0 -1662.0
300.0 -1659.0
314.0 -1657.0
327.0 -1657.0
343.0 -1651.0
359.0 -1649.0
376.0 -1649.0
386.0 -1646.0
403.0 -1641.0
414.0 -1638.0
427.0 -1635.0
446.0 -1632.0
457.0 -1630.0
476.0 -1624.0
486.0 -1622.0
497.0 -1622.0
508.0 -1619.0
519.0 -1616.0
530.0 -1614.0
541.0 -1611.0
551.0 -1605.0
565.0 -1603.0
581.0 -1600.0
592.0 -1597.0
603.0 -1595.0
614.0 -1589.0
627.0 -1584.0
638.0 -1581.0
651.0 -1576.0
665.0 -1568.0
678.0 -1565.0
692.0 -1559.0
708.0 -1554.0
724.0 -1549.0
741.0 -1543.0
757.0 -1538.0
773.0 -1532.0
789.0 -1527.0
805.0 -1522.0
819.0 -1514.0
838.0 -1508.0
857.0 -1503.0
870.0 -1495.0
886.0 -1486.0
903.0 -1481.0
916.0 -1476.0
932.0 -1470.0
951.0 -1462.0
962.0 -1459.0
978.0 -1454.0
989.0 -1449.0
1003.0 -1438.0
1014.0 -1432.0
1022.0 -1422.0
1030.0 -1411.0
1038.0 -1403.0
1051.0 -1395.0
1059.0 -1386.0
1073.0 -1376.0
1078.0 -1365.0
1084.0 -1354.0
1086.0 -1341.0
1092.0 -1330.0
1100.0 -1322.0
1103.0 -1311.0
1108.0 -1300.0
1116.0 -1292.0
1124.0 -1281.0
1127.0 -1270.0
1132.0 -1259.0
1159.0 -1222.0
1035.0 -1027.0
STOP
1311.0 -1216.0
1395.0 -1259.0
1376.0 -1330.0
1454.0 -1257.0
1546.0 -1297.0
1495.0 -1224.0
1565.0 -1162.0
1457.0 -1189.0
1473.0 -1078.0
1414.0 -1189.0
STOP
1862.0 -320.0
1851.0 -655.0
1890.0 -654.0
1899.0 -506.0
2058.0 -505.0
2060.0 -464.0
1891.0 -466.0
1894.0 -372.0
2072.0 -372.0
2075.0 -321.0
1893.0 -321.0
STOP
2221.0 -411.0
2284.0 -549.0
2345.0 -418.0
2397.0 -635.0
2435.0 -635.0
2352.0 -332.0
2282.0 -495.0
2219.0 -331.0
2124.0 -644.0
2162.0 -646.0
STOP
2536.0 -597.0
2581.0 -597.0
2580.0 -510.0
2700.0 -591.0
2700.0 -551.0
2596.0 -484.0
2708.0 -372.0
2706.0 -329.0
2579.0 -459.0
2580.0 -333.0
2531.0 -333.0
STOP
2484.102791519435 -1799.4655477031804
2472.6127915194347 -1798.5855477031805
2455.832791519435 -1795.0555477031803
2445.232791519435 -1792.4055477031804
2434.632791519435 -1788.8655477031803
2424.032791519435 -1785.3355477031805
2416.0727915194348 -1779.1555477031804
2410.772791519435 -1770.3155477031805
2405.472791519435 -1760.6055477031805
2401.062791519435 -1750.8855477031805
2399.292791519435 -1740.2855477031803
2396.642791519435 -1728.7955477031803
2393.992791519435 -1719.0855477031805
2392.222791519435 -1708.4855477031804
2391.3427915194347 -1697.8755477031805
2390.462791519435 -1686.3955477031805
2390.462791519435 -1675.7955477031803
2391.3427915194347 -1665.1955477031804
2392.222791519435 -1654.5955477031803
2394.872791519435 -1644.8755477031805
2395.762791519435 -1633.3955477031805
2396.642791519435 -1622.7955477031803
2398.412791519435 -1612.1955477031804
2402.8227915194348 -1601.5855477031805
2409.012791519435 -1592.7555477031804
2415.192791519435 -1584.8055477031803
2420.492791519435 -1575.9755477031804
2426.682791519435 -1567.1355477031805
2435.512791519435 -1558.3055477031803
2443.462791519435 -1550.3555477031805
2449.642791519435 -1541.5155477031803
2458.482791519435 -1535.3355477031803
2466.432791519435 -1529.1555477031804
2474.382791519435 -1522.9655477031804
2484.982791519435 -1517.6655477031804
2496.462791519435 -1512.3655477031805
2494.702791519435 -1483.2155477031804
2484.982791519435 -1485.8655477031805
2474.382791519435 -1489.3955477031805
2464.662791519435 -1492.9355477031804
2456.712791519435 -1499.1155477031805
2447.882791519435 -1504.4155477031804
2439.932791519435 -1510.6055477031805
2431.0927915194347 -1517.6655477031804
2420.492791519435 -1525.6155477031805
2412.542791519435 -1533.5655477031803
2403.712791519435 -1542.4055477031804
2396.642791519435 -1550.3555477031805
2386.922791519435 -1560.0755477031803
2378.972791519435 -1570.6755477031804
2371.912791519435 -1582.1555477031804
2366.602791519435 -1593.6355477031805
2360.422791519435 -1606.0055477031804
2356.892791519435 -1615.7255477031804
2354.242791519435 -1625.4455477031804
2349.8227915194348 -1639.5755477031803
2347.172791519435 -1649.2955477031803
2344.522791519435 -1659.0155477031803
2342.752791519435 -1672.2655477031803
2341.872791519435 -1684.6255477031805
2341.872791519435 -1696.1155477031805
2342.752791519435 -1709.3655477031805
2344.522791519435 -1720.8455477031803
2347.172791519435 -1730.5655477031803
2350.702791519435 -1742.0455477031803
2354.242791519435 -1751.7655477031803
2357.772791519435 -1763.2555477031804
2362.192791519435 -1773.8555477031805
2370.142791519435 -1781.8055477031803
2376.3227915194348 -1791.5155477031803
2381.622791519435 -1800.3555477031805
2388.692791519435 -1809.1855477031804
2396.642791519435 -1817.1355477031805
2404.5927915194347 -1826.8555477031805
2409.892791519435 -1835.6855477031804
2417.8427915194347 -1842.7555477031804
2428.442791519435 -1843.6355477031805
2439.042791519435 -1844.5255477031803
2448.762791519435 -1841.8755477031805
2481.282791519435 -1841.1155477031803
STOP
2481.0 -1839.0033568904596
2748.0 -1840.0033568904596
2749.0 -1801.0033568904596
2483.22 -1800.3533568904595
STOP
2742.0 -1841.0
2767.0 -1839.0
2781.0 -1838.0
2787.0 -1841.0
2797.0 -1837.0
2808.0 -1833.0
2817.0 -1828.0
2826.0 -1820.0
2834.0 -1813.0
2842.0 -1806.0
2850.0 -1799.0
2857.0 -1789.0
2865.0 -1780.0
2870.0 -1770.0
2876.0 -1759.0
2881.0 -1749.0
2885.0 -1739.0
2886.0 -1727.0
2888.0 -1717.0
2892.0 -1706.0
2895.0 -1694.0
2896.0 -1684.0
2896.0 -1673.0
2896.0 -1661.0
2895.0 -1650.0
2894.0 -1640.0
2889.0 -1628.0
2887.0 -1618.0
2883.0 -1607.0
2879.0 -1596.0
2874.0 -1585.0
2870.0 -1574.0
2865.0 -1562.0
2861.0 -1551.0
2856.0 -1541.0
2850.0 -1532.0
2842.0 -1522.0
2834.0 -1514.0
2826.0 -1505.0
2816.0 -1498.0
2806.0 -1494.0
2796.0 -1488.0
2786.0 -1485.0
2774.0 -1482.0
2763.0 -1479.0
2753.0 -1478.0
2742.0 -1477.0
2717.0 -1478.0
2716.0 -1515.0
2726.0 -1516.0
2736.0 -1518.0
2747.0 -1522.0
2760.0 -1527.0
2770.0 -1532.0
2780.0 -1538.0
2789.0 -1548.0
2797.0 -1557.0
2804.0 -1565.0
2810.0 -1575.0
2817.0 -1587.0
2822.0 -1598.0
2827.0 -1614.0
2830.0 -1630.0
2833.0 -1645.0
2834.0 -1656.0
2835.0 -1673.0
2836.0 -1693.0
2835.0 -1711.0
2832.0 -1729.0
2827.0 -1744.0
2822.0 -1757.0
2814.0 -1769.0
2807.0 -1780.0
2795.0 -1788.0
2782.0 -1793.0
2766.0 -1797.0
2754.0 -1799.0
2739.0 -1801.0
STOP
1098.0 -811.0
1109.0 -807.0
1117.0 -799.0
1125.0 -787.0
1131.0 -777.0
1137.0 -768.0
1145.0 -760.0
1152.0 -752.0
1160.0 -744.0
1170.0 -736.0
1178.0 -729.0
1186.0 -719.0
1193.0 -705.0
1203.0 -691.0
1213.0 -680.0
1219.0 -666.0
1229.0 -652.0
1236.0 -641.0
1248.0 -627.0
1256.0 -611.0
1264.0 -598.0
1270.0 -588.0
1275.0 -578.0
1281.0 -564.0
1287.0 -555.0
1293.0 -543.0
1297.0 -529.0
1301.0 -518.0
1305.0 -504.0
1311.0 -490.0
1314.0 -475.0
1316.0 -465.0
1318.0 -455.0
1322.0 -443.0
1328.0 -434.0
1330.0 -424.0
1328.0 -414.0
1320.0 -406.0
1318.0 -395.0
1314.0 -385.0
1313.0 -375.0
1309.0 -365.0
1307.0 -354.0
1305.0 -344.0
1301.0 -334.0
1297.0 -324.0
1295.0 -314.0
1305.0 -320.0
1314.0 -328.0
1324.0 -332.0
1334.0 -336.0
1344.0 -344.0
1355.0 -346.0
1367.0 -344.0
1377.0 -342.0
1387.0 -338.0
1396.0 -328.0
1402.0 -314.0
1404.0 -299.0
1404.0 -283.0
1406.0 -271.0
1406.0 -260.0
1410.0 -248.0
1412.0 -236.0
1414.0 -225.0
1412.0 -213.0
1408.0 -203.0
1404.0 -193.0
1395.0 -184.0
1385.0 -180.0
1375.0 -176.0
1363.0 -176.0
1348.0 -180.0
1336.0 -180.0
1324.0 -182.0
1307.0 -184.0
1295.0 -188.0
1281.0 -191.0
1268.0 -197.0
1258.0 -203.0
1222.0 -203.0
990.0 -781.0
STOP
2937.0 -40.0
-2.0 -40.0
-2.0 -80.0
2937.0 -80.0
STOP
2937.0 -1948.0
2987.0 -1948.0
2987.0 -40.0
2937.0 -40.0
STOP
2987.0 -1908.0
-2.0 -1908.0
-2.0 -1948.0
2987.0 -1948.0
STOP
52.0 -40.0
-2.0 -40.0
-2.0 -1948.0
52.0 -1948.0
STOP