9
133.0 -160.0
129.0 -170.0
130.0 -180.0
139.0 -175.0
146.0 -166.0
153.0 -158.0
158.0 -149.0
149.0 -144.0
141.0 -151.0
134.0 -159.0
STOP
116.0 -232.0
116.0 -243.0
117.0 -254.0
125.0 -261.0
135.0 -259.0
144.0 -254.0
155.0 -248.0
165.0 -244.0
171.0 -234.0
171.0 -222.0
170.0 -212.0
160.0 -211.0
150.0 -212.0
140.0 -216.0
131.0 -221.0
121.0 -225.0
STOP
61.0 -381.0
80.0 -380.0
78.0 -112.0
56.0 -113.0
STOP
481.0 -106.0
481.0 -84.0
54.0 -91.0
57.0 -111.0
STOP
461.0 -107.0
461.0 -363.0
481.0 -362.0
481.0 -108.0
STOP
82.0 -380.0
462.0 -364.0
461.0 -342.0
81.0 -357.0
STOP
188.0 -192.0
199.0 -191.0
209.0 -188.0
219.0 -183.0
229.0 -177.0
238.0 -172.0
247.0 -167.0
259.0 -162.0
268.0 -154.0
275.0 -146.0
280.0 -137.0
276.0 -127.0
266.0 -122.0
253.0 -122.0
241.0 -122.0
229.0 -124.0
217.0 -130.0
207.0 -138.0
201.0 -147.0
196.0 -158.0
192.0 -170.0
188.0 -180.0
STOP
248.5327288662941 -181.3918026748045
249.5327288662941 -191.3918026748045
252.5327288662941 -202.3918026748045
256.53272886629406 -212.3918026748045
266.53272886629406 -213.3918026748045
276.53272886629406 -211.3918026748045
283.53272886629406 -203.3918026748045
287.53272886629406 -193.3918026748045
288.53272886629406 -182.3918026748045
284.53272886629406 -172.3918026748045
273.53272886629406 -171.3918026748045
263.53272886629406 -172.3918026748045
253.5327288662941 -173.3918026748045
STOP
215.13148710611202 -216.6615851397281
206.13148710611202 -221.6615851397281
197.13148710611202 -227.6615851397281
192.13148710611202 -236.6615851397281
189.13148710611202 -246.6615851397281
189.13148710611202 -258.6615851397281
190.13148710611202 -268.6615851397281
200.13148710611202 -264.6615851397281
210.13148710611202 -258.6615851397281
219.13148710611202 -252.6615851397281
227.13148710611202 -244.6615851397281
228.13148710611202 -233.6615851397281
224.13148710611202 -223.6615851397281
217.13148710611202 -215.6615851397281
STOP
115.0 -283.0
115.0 -294.0
116.0 -306.0
119.0 -316.0
127.0 -324.0
135.0 -331.0
145.0 -332.0
152.0 -324.0
152.0 -313.0
152.0 -301.0
148.0 -289.0
141.0 -281.0
131.0 -280.0
120.0 -280.0
STOP