9
0.5 0.0
0.4951963201008076 0.04877258050403206
0.4809698831278217 0.09567085809127245
0.45786740307563634 0.13889255825490054
0.42677669529663687 0.1767766952966369
0.38889255825490054 0.2078674030756363
0.34567085809127246 0.23096988312782168
0.2987725805040321 0.2451963201008076
0.25 0.25
0.20122741949596795 0.2451963201008076
0.15432914190872757 0.23096988312782168
0.11110744174509951 0.20786740307563634
0.07322330470336313 0.1767766952966369
0.04213259692436366 0.13889255825490054
0.019030116872178315 0.09567085809127247
0.004803679899192392 0.04877258050403215
0.0 3.061616997868383e-17
0.004803679899192392 -0.04877258050403209
0.019030116872178288 -0.09567085809127242
0.042132596924363636 -0.1388925582549005
0.07322330470336308 -0.17677669529663687
0.11110744174509946 -0.2078674030756363
0.15432914190872743 -0.23096988312782163
0.20122741949596784 -0.24519632010080758
0.24999999999999994 -0.25
0.2987725805040321 -0.2451963201008076
0.3456708580912725 -0.23096988312782166
0.38889255825490043 -0.20786740307563636
0.42677669529663687 -0.17677669529663692
0.45786740307563634 -0.13889255825490054
0.48096988312782163 -0.0956708580912726
0.4951963201008076 -0.04877258050403218
STOP
11 6
11 7
2 7
2 6
STOP
3 0
3 6
2 6
2 0
STOP
12 -1
12 0
2 0
2 -1
STOP
4 3
4 4
3 4
3 3
STOP
6 5
6 6
5 6
5 5
STOP
7 3
7 4.5
6 4.5
6 3
STOP
7 0
7 1
6 1
6 0
STOP
9 4
7 4.5
8 3
STOP
12 0
12 7
11 7
11 0
STOP